{
 "cells": [
  {
   "cell_type": "markdown",
   "id": "82767c26",
   "metadata": {
    "pycharm": {
     "name": "#%% md\n"
    }
   },
   "source": [
    "#### Advanced Statistics for Data Science (Spring 2022)\n",
    "# Home Assignment 6\n",
    "#### Topics:\n",
    "- Multiple Regression\n",
    "- Model/Variable Selection\n",
    "\n",
    "#### Due: 07/06/2022 by 18:30\n",
    "\n",
    "#### Instructions:\n",
    "- Write your name, Student ID, and date in the cell below. \n",
    "- Submit a copy of this notebook with code filled in the relevant places as the solution of coding excercises.\n",
    "- For theoretic excercises, you can either write your solution in the notebook using $\\LaTeX$ or submit additional notes.\n",
    "\n",
    "<hr>\n",
    "<hr>"
   ]
  },
  {
   "cell_type": "markdown",
   "id": "04974439",
   "metadata": {
    "pycharm": {
     "name": "#%% md\n"
    }
   },
   "source": [
    "\n",
    "**Name**: Ofir Nesher\n",
    "\n",
    "**Student ID**:\n",
    "\n",
    "**Date**: 25/05/2022\n",
    "\n",
    "$\n",
    "\\newcommand{\\Id}{{\\mathbf{I}}}  \n",
    "\\newcommand{\\SSE}{\\mathsf{SSE}}\n",
    "\\newcommand{\\SSR}{\\mathsf{SSR}}\n",
    "\\newcommand{\\MSE}{\\mathsf{MSE}}\n",
    "\\newcommand{\\simiid}{\\overset{iid}{\\sim}}\n",
    "\\newcommand{\\ex}{\\mathbb E}\n",
    "\\newcommand{\\var}{\\mathrm{Var}}\n",
    "\\newcommand{\\Cov}[2]{{\\mathrm{Cov}  \\left(#1, #2 \\right)}}\n",
    "\\newcommand{\\one}[1]{\\mathbf 1 {\\left\\{#1\\right\\}}}\n",
    "\\newcommand{\\SE}[1]{\\mathrm{SE} \\left[#1\\right]}\n",
    "\\newcommand{\\reals}{\\mathbb R}\n",
    "\\newcommand{\\Ncal}{\\mathcal N}\n",
    "\\newcommand{\\abs}[1]{\\ensuremath{\\left\\vert#1\\right\\vert}}\n",
    "\\newcommand{\\rank}{\\operatorname{rank}}\n",
    "\\newcommand{\\tr}{\\operatorname{Tr}}\n",
    "\\newcommand{\\diag}{\\operatorname{diag}}\n",
    "\\newcommand{\\sign}{\\operatorname{sign}}\n",
    "$\n"
   ]
  },
  {
   "cell_type": "markdown",
   "id": "89a2daf2",
   "metadata": {
    "pycharm": {
     "name": "#%% md\n"
    }
   },
   "source": [
    "<hr>\n",
    "<hr>"
   ]
  },
  {
   "cell_type": "markdown",
   "id": "aba5c7f1",
   "metadata": {
    "pycharm": {
     "name": "#%% md\n"
    }
   },
   "source": [
    "## Problem 1 (Multiple Regression)\n",
    "\n",
    "Use the house prices dataset from class. Load it using the function ``load_house_prices_data``. We will use ``LogSalePrice`` as the target variable (note that this is a transformed version of the original sale price)\n",
    "\n",
    "1. Use all variables in the data returned by ``load_house_prices_data``. Find at least one pair of competing predictors.\n",
    "2. A construction company is trying to figure out how to design a new development for maximal profit. They propose that since ``SecondFlrSF`` (second floor square footage, proportional to second floor square meter) is correlated with ``SalePrice``, they should try and maximize second floor area in their designs. Does this conclusion make sense considering that ``SecondFlrSF`` is correlated with``TotRmsAbvGrd``? offer a procedure that checks the effect of ``SecondFlrSF`` on ``SalePrice`` and gives more information to make such decision."
   ]
  },
  {
   "cell_type": "code",
   "execution_count": 14,
   "outputs": [],
   "source": [
    "import pandas as pd\n",
    "import numpy as np\n",
    "import matplotlib.pyplot as plt"
   ],
   "metadata": {
    "collapsed": false,
    "pycharm": {
     "name": "#%%\n"
    }
   }
  },
  {
   "cell_type": "code",
   "execution_count": 15,
   "id": "918a7a92",
   "metadata": {
    "pycharm": {
     "name": "#%%\n"
    }
   },
   "outputs": [],
   "source": [
    "def load_house_prices_data(path=\"../../datasets/housing_prices.csv\"):\n",
    "    \"\"\"\n",
    "    Args:\n",
    "    -----\n",
    "    path:  path to csv file\n",
    "    \n",
    "    Load and clean house prices data:\n",
    "        filters for numeric predictors only\n",
    "        filters for small lots only\n",
    "        renames varaibles so that all variable names begins with [a-z]\n",
    "        applies a variance stabilizing transformation to SalePrice\n",
    "        removes outliers\n",
    "    \"\"\"\n",
    "\n",
    "    def detect_outliers(df, q=0.01):\n",
    "        lower_outliers = df < df.quantile(q)\n",
    "        upper_outliers = df > df.quantile(1 - q)\n",
    "        return lower_outliers | upper_outliers\n",
    "\n",
    "    data_raw = pd.read_csv(path)\n",
    "    data1 = data_raw[data_raw.LotArea < 15000]  # focus on small lots\n",
    "    data1 = data1.select_dtypes('number').dropna()\n",
    "    data1 = data1.rename(  # stats model formula cannot have\n",
    "        # covaraite names starting with non letter\n",
    "        columns={'1stFlrSF': 'FirstFlrSF',\n",
    "                 '2ndFlrSF': 'SecondFlrSF'})\n",
    "\n",
    "    variables = [\n",
    "        'SalePrice',\n",
    "        'LotArea',\n",
    "        'YearBuilt',\n",
    "        'YrSold', 'MoSold',\n",
    "        'Fireplaces',\n",
    "        'GarageCars', 'ScreenPorch',\n",
    "        'HalfBath', 'FullBath',\n",
    "        'GrLivArea',\n",
    "        'BedroomAbvGr',\n",
    "        'FirstFlrSF',\n",
    "        'SecondFlrSF',\n",
    "        'TotRmsAbvGrd',\n",
    "        'LowQualFinSF', 'TotalBsmtSF',\n",
    "        'LotFrontage', 'WoodDeckSF',\n",
    "        'OverallQual',\n",
    "        'OverallCond'\n",
    "    ]\n",
    "\n",
    "    data1 = data1.filter(variables).dropna()\n",
    "    data1['LogSalePrice'] = np.log(1 + data1['SalePrice'])\n",
    "    data1 = data1.drop('SalePrice', axis=1)\n",
    "\n",
    "    mask = detect_outliers(data1, .01).any(1)\n",
    "    print(f\"Masked a fraction of {mask.mean()} of the data due to outliers\")\n",
    "    return data1[~mask]"
   ]
  },
  {
   "cell_type": "markdown",
   "source": [
    "### **Answers**:"
   ],
   "metadata": {
    "collapsed": false,
    "pycharm": {
     "name": "#%% md\n"
    }
   }
  },
  {
   "cell_type": "markdown",
   "source": [
    "#### 1."
   ],
   "metadata": {
    "collapsed": false,
    "pycharm": {
     "name": "#%% md\n"
    }
   }
  },
  {
   "cell_type": "code",
   "execution_count": 16,
   "outputs": [
    {
     "name": "stdout",
     "output_type": "stream",
     "text": [
      "Masked a fraction of 0.14971209213051823 of the data due to outliers\n"
     ]
    },
    {
     "data": {
      "text/plain": "   LotArea  YearBuilt  YrSold  MoSold  Fireplaces  GarageCars  ScreenPorch  \\\n0     8450       2003    2008       2           0           2            0   \n1     9600       1976    2007       5           1           2            0   \n2    11250       2001    2008       9           1           2            0   \n3     9550       1915    2006       2           1           3            0   \n4    14260       2000    2008      12           1           3            0   \n\n   HalfBath  FullBath  GrLivArea  ...  FirstFlrSF  SecondFlrSF  TotRmsAbvGrd  \\\n0         1         2       1710  ...         856          854             8   \n1         0         2       1262  ...        1262            0             6   \n2         1         2       1786  ...         920          866             6   \n3         0         1       1717  ...         961          756             7   \n4         1         2       2198  ...        1145         1053             9   \n\n   LowQualFinSF  TotalBsmtSF  LotFrontage  WoodDeckSF  OverallQual  \\\n0             0          856         65.0           0            7   \n1             0         1262         80.0         298            6   \n2             0          920         68.0           0            7   \n3             0          756         60.0           0            7   \n4             0         1145         84.0         192            8   \n\n   OverallCond  LogSalePrice  \n0            5     12.247699  \n1            8     12.109016  \n2            5     12.317171  \n3            5     11.849405  \n4            5     12.429220  \n\n[5 rows x 21 columns]",
      "text/html": "<div>\n<style scoped>\n    .dataframe tbody tr th:only-of-type {\n        vertical-align: middle;\n    }\n\n    .dataframe tbody tr th {\n        vertical-align: top;\n    }\n\n    .dataframe thead th {\n        text-align: right;\n    }\n</style>\n<table border=\"1\" class=\"dataframe\">\n  <thead>\n    <tr style=\"text-align: right;\">\n      <th></th>\n      <th>LotArea</th>\n      <th>YearBuilt</th>\n      <th>YrSold</th>\n      <th>MoSold</th>\n      <th>Fireplaces</th>\n      <th>GarageCars</th>\n      <th>ScreenPorch</th>\n      <th>HalfBath</th>\n      <th>FullBath</th>\n      <th>GrLivArea</th>\n      <th>...</th>\n      <th>FirstFlrSF</th>\n      <th>SecondFlrSF</th>\n      <th>TotRmsAbvGrd</th>\n      <th>LowQualFinSF</th>\n      <th>TotalBsmtSF</th>\n      <th>LotFrontage</th>\n      <th>WoodDeckSF</th>\n      <th>OverallQual</th>\n      <th>OverallCond</th>\n      <th>LogSalePrice</th>\n    </tr>\n  </thead>\n  <tbody>\n    <tr>\n      <th>0</th>\n      <td>8450</td>\n      <td>2003</td>\n      <td>2008</td>\n      <td>2</td>\n      <td>0</td>\n      <td>2</td>\n      <td>0</td>\n      <td>1</td>\n      <td>2</td>\n      <td>1710</td>\n      <td>...</td>\n      <td>856</td>\n      <td>854</td>\n      <td>8</td>\n      <td>0</td>\n      <td>856</td>\n      <td>65.0</td>\n      <td>0</td>\n      <td>7</td>\n      <td>5</td>\n      <td>12.247699</td>\n    </tr>\n    <tr>\n      <th>1</th>\n      <td>9600</td>\n      <td>1976</td>\n      <td>2007</td>\n      <td>5</td>\n      <td>1</td>\n      <td>2</td>\n      <td>0</td>\n      <td>0</td>\n      <td>2</td>\n      <td>1262</td>\n      <td>...</td>\n      <td>1262</td>\n      <td>0</td>\n      <td>6</td>\n      <td>0</td>\n      <td>1262</td>\n      <td>80.0</td>\n      <td>298</td>\n      <td>6</td>\n      <td>8</td>\n      <td>12.109016</td>\n    </tr>\n    <tr>\n      <th>2</th>\n      <td>11250</td>\n      <td>2001</td>\n      <td>2008</td>\n      <td>9</td>\n      <td>1</td>\n      <td>2</td>\n      <td>0</td>\n      <td>1</td>\n      <td>2</td>\n      <td>1786</td>\n      <td>...</td>\n      <td>920</td>\n      <td>866</td>\n      <td>6</td>\n      <td>0</td>\n      <td>920</td>\n      <td>68.0</td>\n      <td>0</td>\n      <td>7</td>\n      <td>5</td>\n      <td>12.317171</td>\n    </tr>\n    <tr>\n      <th>3</th>\n      <td>9550</td>\n      <td>1915</td>\n      <td>2006</td>\n      <td>2</td>\n      <td>1</td>\n      <td>3</td>\n      <td>0</td>\n      <td>0</td>\n      <td>1</td>\n      <td>1717</td>\n      <td>...</td>\n      <td>961</td>\n      <td>756</td>\n      <td>7</td>\n      <td>0</td>\n      <td>756</td>\n      <td>60.0</td>\n      <td>0</td>\n      <td>7</td>\n      <td>5</td>\n      <td>11.849405</td>\n    </tr>\n    <tr>\n      <th>4</th>\n      <td>14260</td>\n      <td>2000</td>\n      <td>2008</td>\n      <td>12</td>\n      <td>1</td>\n      <td>3</td>\n      <td>0</td>\n      <td>1</td>\n      <td>2</td>\n      <td>2198</td>\n      <td>...</td>\n      <td>1145</td>\n      <td>1053</td>\n      <td>9</td>\n      <td>0</td>\n      <td>1145</td>\n      <td>84.0</td>\n      <td>192</td>\n      <td>8</td>\n      <td>5</td>\n      <td>12.429220</td>\n    </tr>\n  </tbody>\n</table>\n<p>5 rows × 21 columns</p>\n</div>"
     },
     "execution_count": 16,
     "metadata": {},
     "output_type": "execute_result"
    }
   ],
   "source": [
    "data = load_house_prices_data()\n",
    "data.head()"
   ],
   "metadata": {
    "collapsed": false,
    "pycharm": {
     "name": "#%%\n"
    }
   }
  },
  {
   "cell_type": "code",
   "execution_count": 17,
   "outputs": [
    {
     "data": {
      "text/plain": "               LotArea  YearBuilt    YrSold    MoSold  Fireplaces  GarageCars  \\\nLotArea       1.000000   0.090393 -0.031381  0.031132    0.227209    0.240321   \nYearBuilt     0.090393   1.000000  0.021733  0.028505    0.114062    0.587519   \nYrSold       -0.031381   0.021733  1.000000 -0.157243   -0.030237   -0.041381   \nMoSold        0.031132   0.028505 -0.157243  1.000000    0.056809    0.082095   \nFireplaces    0.227209   0.114062 -0.030237  0.056809    1.000000    0.222265   \nGarageCars    0.240321   0.587519 -0.041381  0.082095    0.222265    1.000000   \nScreenPorch   0.065470  -0.067284  0.035544 -0.029429    0.140024   -0.007460   \nHalfBath      0.069411   0.213962 -0.002167 -0.018937    0.167719    0.163308   \nFullBath      0.096400   0.594095  0.013284  0.086807    0.227471    0.543130   \nGrLivArea     0.327647   0.294528 -0.024518  0.106836    0.446801    0.480209   \nBedroomAbvGr  0.305477  -0.051421 -0.008982  0.018904    0.114056    0.080607   \nFirstFlrSF    0.342480   0.340449 -0.008110  0.062458    0.325798    0.429470   \nSecondFlrSF   0.050232   0.016873 -0.016845  0.055672    0.180768    0.129593   \nTotRmsAbvGrd  0.351833   0.156066 -0.052060  0.049638    0.331482    0.370608   \nLowQualFinSF -0.126916   0.061923 -0.077227 -0.014338   -0.053318    0.016144   \nTotalBsmtSF   0.262895   0.449177  0.001961  0.047506    0.258285    0.432215   \nLotFrontage   0.719806   0.115866 -0.008179  0.073365    0.187161    0.270508   \nWoodDeckSF    0.152168   0.243981  0.036433  0.081131    0.159201    0.184149   \nOverallQual   0.166403   0.636197 -0.001552  0.107993    0.380178    0.573772   \nOverallCond  -0.055529  -0.453766 -0.003149 -0.024367   -0.072207   -0.316951   \nLogSalePrice  0.355051   0.677513 -0.013812  0.110740    0.424475    0.647935   \n\n              ScreenPorch  HalfBath  FullBath  GrLivArea  ...  FirstFlrSF  \\\nLotArea          0.065470  0.069411  0.096400   0.327647  ...    0.342480   \nYearBuilt       -0.067284  0.213962  0.594095   0.294528  ...    0.340449   \nYrSold           0.035544 -0.002167  0.013284  -0.024518  ...   -0.008110   \nMoSold          -0.029429 -0.018937  0.086807   0.106836  ...    0.062458   \nFireplaces       0.140024  0.167719  0.227471   0.446801  ...    0.325798   \nGarageCars      -0.007460  0.163308  0.543130   0.480209  ...    0.429470   \nScreenPorch      1.000000  0.029367 -0.033443   0.067728  ...    0.082138   \nHalfBath         0.029367  1.000000  0.117993   0.438772  ...   -0.293852   \nFullBath        -0.033443  0.117993  1.000000   0.610555  ...    0.341531   \nGrLivArea        0.067728  0.438772  0.610555   1.000000  ...    0.393322   \nBedroomAbvGr     0.029946  0.263741  0.213590   0.490089  ...    0.025409   \nFirstFlrSF       0.082138 -0.293852  0.341531   0.393322  ...    1.000000   \nSecondFlrSF      0.001124  0.669987  0.329032   0.673915  ...   -0.414113   \nTotRmsAbvGrd     0.031682  0.338726  0.474251   0.795648  ...    0.272977   \nLowQualFinSF    -0.015144  0.078671  0.049221  -0.035945  ...   -0.111757   \nTotalBsmtSF      0.062171 -0.175986  0.315989   0.313491  ...    0.788399   \nLotFrontage      0.035526  0.018690  0.101816   0.283401  ...    0.340632   \nWoodDeckSF      -0.086232  0.064616  0.212468   0.208902  ...    0.207506   \nOverallQual      0.024508  0.220941  0.589743   0.578776  ...    0.435640   \nOverallCond      0.073189 -0.084609 -0.337131  -0.206741  ...   -0.204236   \nLogSalePrice     0.070674  0.277943  0.612454   0.693484  ...    0.556976   \n\n              SecondFlrSF  TotRmsAbvGrd  LowQualFinSF  TotalBsmtSF  \\\nLotArea          0.050232      0.351833     -0.126916     0.262895   \nYearBuilt        0.016873      0.156066      0.061923     0.449177   \nYrSold          -0.016845     -0.052060     -0.077227     0.001961   \nMoSold           0.055672      0.049638     -0.014338     0.047506   \nFireplaces       0.180768      0.331482     -0.053318     0.258285   \nGarageCars       0.129593      0.370608      0.016144     0.432215   \nScreenPorch      0.001124      0.031682     -0.015144     0.062171   \nHalfBath         0.669987      0.338726      0.078671    -0.175986   \nFullBath         0.329032      0.474251      0.049221     0.315989   \nGrLivArea        0.673915      0.795648     -0.035945     0.313491   \nBedroomAbvGr     0.465621      0.627838     -0.073519    -0.016668   \nFirstFlrSF      -0.414113      0.272977     -0.111757     0.788399   \nSecondFlrSF      1.000000      0.569272      0.042683    -0.323335   \nTotRmsAbvGrd     0.569272      1.000000     -0.106125     0.167507   \nLowQualFinSF     0.042683     -0.106125      1.000000    -0.069950   \nTotalBsmtSF     -0.323335      0.167507     -0.069950     1.000000   \nLotFrontage      0.007942      0.293680     -0.129354     0.283349   \nWoodDeckSF       0.040355      0.130185     -0.046066     0.227641   \nOverallQual      0.221923      0.388608      0.041058     0.529818   \nOverallCond     -0.039919     -0.142189     -0.033496    -0.214007   \nLogSalePrice     0.238552      0.479571     -0.020259     0.625824   \n\n              LotFrontage  WoodDeckSF  OverallQual  OverallCond  LogSalePrice  \nLotArea          0.719806    0.152168     0.166403    -0.055529      0.355051  \nYearBuilt        0.115866    0.243981     0.636197    -0.453766      0.677513  \nYrSold          -0.008179    0.036433    -0.001552    -0.003149     -0.013812  \nMoSold           0.073365    0.081131     0.107993    -0.024367      0.110740  \nFireplaces       0.187161    0.159201     0.380178    -0.072207      0.424475  \nGarageCars       0.270508    0.184149     0.573772    -0.316951      0.647935  \nScreenPorch      0.035526   -0.086232     0.024508     0.073189      0.070674  \nHalfBath         0.018690    0.064616     0.220941    -0.084609      0.277943  \nFullBath         0.101816    0.212468     0.589743    -0.337131      0.612454  \nGrLivArea        0.283401    0.208902     0.578776    -0.206741      0.693484  \nBedroomAbvGr     0.309476    0.058174     0.052870    -0.012368      0.144469  \nFirstFlrSF       0.340632    0.207506     0.435640    -0.204236      0.556976  \nSecondFlrSF      0.007942    0.040355     0.221923    -0.039919      0.238552  \nTotRmsAbvGrd     0.293680    0.130185     0.388608    -0.142189      0.479571  \nLowQualFinSF    -0.129354   -0.046066     0.041058    -0.033496     -0.020259  \nTotalBsmtSF      0.283349    0.227641     0.529818    -0.214007      0.625824  \nLotFrontage      1.000000    0.111562     0.154070    -0.023020      0.334781  \nWoodDeckSF       0.111562    1.000000     0.225280    -0.034627      0.320783  \nOverallQual      0.154070    0.225280     1.000000    -0.258167      0.817895  \nOverallCond     -0.023020   -0.034627    -0.258167     1.000000     -0.187221  \nLogSalePrice     0.334781    0.320783     0.817895    -0.187221      1.000000  \n\n[21 rows x 21 columns]",
      "text/html": "<div>\n<style scoped>\n    .dataframe tbody tr th:only-of-type {\n        vertical-align: middle;\n    }\n\n    .dataframe tbody tr th {\n        vertical-align: top;\n    }\n\n    .dataframe thead th {\n        text-align: right;\n    }\n</style>\n<table border=\"1\" class=\"dataframe\">\n  <thead>\n    <tr style=\"text-align: right;\">\n      <th></th>\n      <th>LotArea</th>\n      <th>YearBuilt</th>\n      <th>YrSold</th>\n      <th>MoSold</th>\n      <th>Fireplaces</th>\n      <th>GarageCars</th>\n      <th>ScreenPorch</th>\n      <th>HalfBath</th>\n      <th>FullBath</th>\n      <th>GrLivArea</th>\n      <th>...</th>\n      <th>FirstFlrSF</th>\n      <th>SecondFlrSF</th>\n      <th>TotRmsAbvGrd</th>\n      <th>LowQualFinSF</th>\n      <th>TotalBsmtSF</th>\n      <th>LotFrontage</th>\n      <th>WoodDeckSF</th>\n      <th>OverallQual</th>\n      <th>OverallCond</th>\n      <th>LogSalePrice</th>\n    </tr>\n  </thead>\n  <tbody>\n    <tr>\n      <th>LotArea</th>\n      <td>1.000000</td>\n      <td>0.090393</td>\n      <td>-0.031381</td>\n      <td>0.031132</td>\n      <td>0.227209</td>\n      <td>0.240321</td>\n      <td>0.065470</td>\n      <td>0.069411</td>\n      <td>0.096400</td>\n      <td>0.327647</td>\n      <td>...</td>\n      <td>0.342480</td>\n      <td>0.050232</td>\n      <td>0.351833</td>\n      <td>-0.126916</td>\n      <td>0.262895</td>\n      <td>0.719806</td>\n      <td>0.152168</td>\n      <td>0.166403</td>\n      <td>-0.055529</td>\n      <td>0.355051</td>\n    </tr>\n    <tr>\n      <th>YearBuilt</th>\n      <td>0.090393</td>\n      <td>1.000000</td>\n      <td>0.021733</td>\n      <td>0.028505</td>\n      <td>0.114062</td>\n      <td>0.587519</td>\n      <td>-0.067284</td>\n      <td>0.213962</td>\n      <td>0.594095</td>\n      <td>0.294528</td>\n      <td>...</td>\n      <td>0.340449</td>\n      <td>0.016873</td>\n      <td>0.156066</td>\n      <td>0.061923</td>\n      <td>0.449177</td>\n      <td>0.115866</td>\n      <td>0.243981</td>\n      <td>0.636197</td>\n      <td>-0.453766</td>\n      <td>0.677513</td>\n    </tr>\n    <tr>\n      <th>YrSold</th>\n      <td>-0.031381</td>\n      <td>0.021733</td>\n      <td>1.000000</td>\n      <td>-0.157243</td>\n      <td>-0.030237</td>\n      <td>-0.041381</td>\n      <td>0.035544</td>\n      <td>-0.002167</td>\n      <td>0.013284</td>\n      <td>-0.024518</td>\n      <td>...</td>\n      <td>-0.008110</td>\n      <td>-0.016845</td>\n      <td>-0.052060</td>\n      <td>-0.077227</td>\n      <td>0.001961</td>\n      <td>-0.008179</td>\n      <td>0.036433</td>\n      <td>-0.001552</td>\n      <td>-0.003149</td>\n      <td>-0.013812</td>\n    </tr>\n    <tr>\n      <th>MoSold</th>\n      <td>0.031132</td>\n      <td>0.028505</td>\n      <td>-0.157243</td>\n      <td>1.000000</td>\n      <td>0.056809</td>\n      <td>0.082095</td>\n      <td>-0.029429</td>\n      <td>-0.018937</td>\n      <td>0.086807</td>\n      <td>0.106836</td>\n      <td>...</td>\n      <td>0.062458</td>\n      <td>0.055672</td>\n      <td>0.049638</td>\n      <td>-0.014338</td>\n      <td>0.047506</td>\n      <td>0.073365</td>\n      <td>0.081131</td>\n      <td>0.107993</td>\n      <td>-0.024367</td>\n      <td>0.110740</td>\n    </tr>\n    <tr>\n      <th>Fireplaces</th>\n      <td>0.227209</td>\n      <td>0.114062</td>\n      <td>-0.030237</td>\n      <td>0.056809</td>\n      <td>1.000000</td>\n      <td>0.222265</td>\n      <td>0.140024</td>\n      <td>0.167719</td>\n      <td>0.227471</td>\n      <td>0.446801</td>\n      <td>...</td>\n      <td>0.325798</td>\n      <td>0.180768</td>\n      <td>0.331482</td>\n      <td>-0.053318</td>\n      <td>0.258285</td>\n      <td>0.187161</td>\n      <td>0.159201</td>\n      <td>0.380178</td>\n      <td>-0.072207</td>\n      <td>0.424475</td>\n    </tr>\n    <tr>\n      <th>GarageCars</th>\n      <td>0.240321</td>\n      <td>0.587519</td>\n      <td>-0.041381</td>\n      <td>0.082095</td>\n      <td>0.222265</td>\n      <td>1.000000</td>\n      <td>-0.007460</td>\n      <td>0.163308</td>\n      <td>0.543130</td>\n      <td>0.480209</td>\n      <td>...</td>\n      <td>0.429470</td>\n      <td>0.129593</td>\n      <td>0.370608</td>\n      <td>0.016144</td>\n      <td>0.432215</td>\n      <td>0.270508</td>\n      <td>0.184149</td>\n      <td>0.573772</td>\n      <td>-0.316951</td>\n      <td>0.647935</td>\n    </tr>\n    <tr>\n      <th>ScreenPorch</th>\n      <td>0.065470</td>\n      <td>-0.067284</td>\n      <td>0.035544</td>\n      <td>-0.029429</td>\n      <td>0.140024</td>\n      <td>-0.007460</td>\n      <td>1.000000</td>\n      <td>0.029367</td>\n      <td>-0.033443</td>\n      <td>0.067728</td>\n      <td>...</td>\n      <td>0.082138</td>\n      <td>0.001124</td>\n      <td>0.031682</td>\n      <td>-0.015144</td>\n      <td>0.062171</td>\n      <td>0.035526</td>\n      <td>-0.086232</td>\n      <td>0.024508</td>\n      <td>0.073189</td>\n      <td>0.070674</td>\n    </tr>\n    <tr>\n      <th>HalfBath</th>\n      <td>0.069411</td>\n      <td>0.213962</td>\n      <td>-0.002167</td>\n      <td>-0.018937</td>\n      <td>0.167719</td>\n      <td>0.163308</td>\n      <td>0.029367</td>\n      <td>1.000000</td>\n      <td>0.117993</td>\n      <td>0.438772</td>\n      <td>...</td>\n      <td>-0.293852</td>\n      <td>0.669987</td>\n      <td>0.338726</td>\n      <td>0.078671</td>\n      <td>-0.175986</td>\n      <td>0.018690</td>\n      <td>0.064616</td>\n      <td>0.220941</td>\n      <td>-0.084609</td>\n      <td>0.277943</td>\n    </tr>\n    <tr>\n      <th>FullBath</th>\n      <td>0.096400</td>\n      <td>0.594095</td>\n      <td>0.013284</td>\n      <td>0.086807</td>\n      <td>0.227471</td>\n      <td>0.543130</td>\n      <td>-0.033443</td>\n      <td>0.117993</td>\n      <td>1.000000</td>\n      <td>0.610555</td>\n      <td>...</td>\n      <td>0.341531</td>\n      <td>0.329032</td>\n      <td>0.474251</td>\n      <td>0.049221</td>\n      <td>0.315989</td>\n      <td>0.101816</td>\n      <td>0.212468</td>\n      <td>0.589743</td>\n      <td>-0.337131</td>\n      <td>0.612454</td>\n    </tr>\n    <tr>\n      <th>GrLivArea</th>\n      <td>0.327647</td>\n      <td>0.294528</td>\n      <td>-0.024518</td>\n      <td>0.106836</td>\n      <td>0.446801</td>\n      <td>0.480209</td>\n      <td>0.067728</td>\n      <td>0.438772</td>\n      <td>0.610555</td>\n      <td>1.000000</td>\n      <td>...</td>\n      <td>0.393322</td>\n      <td>0.673915</td>\n      <td>0.795648</td>\n      <td>-0.035945</td>\n      <td>0.313491</td>\n      <td>0.283401</td>\n      <td>0.208902</td>\n      <td>0.578776</td>\n      <td>-0.206741</td>\n      <td>0.693484</td>\n    </tr>\n    <tr>\n      <th>BedroomAbvGr</th>\n      <td>0.305477</td>\n      <td>-0.051421</td>\n      <td>-0.008982</td>\n      <td>0.018904</td>\n      <td>0.114056</td>\n      <td>0.080607</td>\n      <td>0.029946</td>\n      <td>0.263741</td>\n      <td>0.213590</td>\n      <td>0.490089</td>\n      <td>...</td>\n      <td>0.025409</td>\n      <td>0.465621</td>\n      <td>0.627838</td>\n      <td>-0.073519</td>\n      <td>-0.016668</td>\n      <td>0.309476</td>\n      <td>0.058174</td>\n      <td>0.052870</td>\n      <td>-0.012368</td>\n      <td>0.144469</td>\n    </tr>\n    <tr>\n      <th>FirstFlrSF</th>\n      <td>0.342480</td>\n      <td>0.340449</td>\n      <td>-0.008110</td>\n      <td>0.062458</td>\n      <td>0.325798</td>\n      <td>0.429470</td>\n      <td>0.082138</td>\n      <td>-0.293852</td>\n      <td>0.341531</td>\n      <td>0.393322</td>\n      <td>...</td>\n      <td>1.000000</td>\n      <td>-0.414113</td>\n      <td>0.272977</td>\n      <td>-0.111757</td>\n      <td>0.788399</td>\n      <td>0.340632</td>\n      <td>0.207506</td>\n      <td>0.435640</td>\n      <td>-0.204236</td>\n      <td>0.556976</td>\n    </tr>\n    <tr>\n      <th>SecondFlrSF</th>\n      <td>0.050232</td>\n      <td>0.016873</td>\n      <td>-0.016845</td>\n      <td>0.055672</td>\n      <td>0.180768</td>\n      <td>0.129593</td>\n      <td>0.001124</td>\n      <td>0.669987</td>\n      <td>0.329032</td>\n      <td>0.673915</td>\n      <td>...</td>\n      <td>-0.414113</td>\n      <td>1.000000</td>\n      <td>0.569272</td>\n      <td>0.042683</td>\n      <td>-0.323335</td>\n      <td>0.007942</td>\n      <td>0.040355</td>\n      <td>0.221923</td>\n      <td>-0.039919</td>\n      <td>0.238552</td>\n    </tr>\n    <tr>\n      <th>TotRmsAbvGrd</th>\n      <td>0.351833</td>\n      <td>0.156066</td>\n      <td>-0.052060</td>\n      <td>0.049638</td>\n      <td>0.331482</td>\n      <td>0.370608</td>\n      <td>0.031682</td>\n      <td>0.338726</td>\n      <td>0.474251</td>\n      <td>0.795648</td>\n      <td>...</td>\n      <td>0.272977</td>\n      <td>0.569272</td>\n      <td>1.000000</td>\n      <td>-0.106125</td>\n      <td>0.167507</td>\n      <td>0.293680</td>\n      <td>0.130185</td>\n      <td>0.388608</td>\n      <td>-0.142189</td>\n      <td>0.479571</td>\n    </tr>\n    <tr>\n      <th>LowQualFinSF</th>\n      <td>-0.126916</td>\n      <td>0.061923</td>\n      <td>-0.077227</td>\n      <td>-0.014338</td>\n      <td>-0.053318</td>\n      <td>0.016144</td>\n      <td>-0.015144</td>\n      <td>0.078671</td>\n      <td>0.049221</td>\n      <td>-0.035945</td>\n      <td>...</td>\n      <td>-0.111757</td>\n      <td>0.042683</td>\n      <td>-0.106125</td>\n      <td>1.000000</td>\n      <td>-0.069950</td>\n      <td>-0.129354</td>\n      <td>-0.046066</td>\n      <td>0.041058</td>\n      <td>-0.033496</td>\n      <td>-0.020259</td>\n    </tr>\n    <tr>\n      <th>TotalBsmtSF</th>\n      <td>0.262895</td>\n      <td>0.449177</td>\n      <td>0.001961</td>\n      <td>0.047506</td>\n      <td>0.258285</td>\n      <td>0.432215</td>\n      <td>0.062171</td>\n      <td>-0.175986</td>\n      <td>0.315989</td>\n      <td>0.313491</td>\n      <td>...</td>\n      <td>0.788399</td>\n      <td>-0.323335</td>\n      <td>0.167507</td>\n      <td>-0.069950</td>\n      <td>1.000000</td>\n      <td>0.283349</td>\n      <td>0.227641</td>\n      <td>0.529818</td>\n      <td>-0.214007</td>\n      <td>0.625824</td>\n    </tr>\n    <tr>\n      <th>LotFrontage</th>\n      <td>0.719806</td>\n      <td>0.115866</td>\n      <td>-0.008179</td>\n      <td>0.073365</td>\n      <td>0.187161</td>\n      <td>0.270508</td>\n      <td>0.035526</td>\n      <td>0.018690</td>\n      <td>0.101816</td>\n      <td>0.283401</td>\n      <td>...</td>\n      <td>0.340632</td>\n      <td>0.007942</td>\n      <td>0.293680</td>\n      <td>-0.129354</td>\n      <td>0.283349</td>\n      <td>1.000000</td>\n      <td>0.111562</td>\n      <td>0.154070</td>\n      <td>-0.023020</td>\n      <td>0.334781</td>\n    </tr>\n    <tr>\n      <th>WoodDeckSF</th>\n      <td>0.152168</td>\n      <td>0.243981</td>\n      <td>0.036433</td>\n      <td>0.081131</td>\n      <td>0.159201</td>\n      <td>0.184149</td>\n      <td>-0.086232</td>\n      <td>0.064616</td>\n      <td>0.212468</td>\n      <td>0.208902</td>\n      <td>...</td>\n      <td>0.207506</td>\n      <td>0.040355</td>\n      <td>0.130185</td>\n      <td>-0.046066</td>\n      <td>0.227641</td>\n      <td>0.111562</td>\n      <td>1.000000</td>\n      <td>0.225280</td>\n      <td>-0.034627</td>\n      <td>0.320783</td>\n    </tr>\n    <tr>\n      <th>OverallQual</th>\n      <td>0.166403</td>\n      <td>0.636197</td>\n      <td>-0.001552</td>\n      <td>0.107993</td>\n      <td>0.380178</td>\n      <td>0.573772</td>\n      <td>0.024508</td>\n      <td>0.220941</td>\n      <td>0.589743</td>\n      <td>0.578776</td>\n      <td>...</td>\n      <td>0.435640</td>\n      <td>0.221923</td>\n      <td>0.388608</td>\n      <td>0.041058</td>\n      <td>0.529818</td>\n      <td>0.154070</td>\n      <td>0.225280</td>\n      <td>1.000000</td>\n      <td>-0.258167</td>\n      <td>0.817895</td>\n    </tr>\n    <tr>\n      <th>OverallCond</th>\n      <td>-0.055529</td>\n      <td>-0.453766</td>\n      <td>-0.003149</td>\n      <td>-0.024367</td>\n      <td>-0.072207</td>\n      <td>-0.316951</td>\n      <td>0.073189</td>\n      <td>-0.084609</td>\n      <td>-0.337131</td>\n      <td>-0.206741</td>\n      <td>...</td>\n      <td>-0.204236</td>\n      <td>-0.039919</td>\n      <td>-0.142189</td>\n      <td>-0.033496</td>\n      <td>-0.214007</td>\n      <td>-0.023020</td>\n      <td>-0.034627</td>\n      <td>-0.258167</td>\n      <td>1.000000</td>\n      <td>-0.187221</td>\n    </tr>\n    <tr>\n      <th>LogSalePrice</th>\n      <td>0.355051</td>\n      <td>0.677513</td>\n      <td>-0.013812</td>\n      <td>0.110740</td>\n      <td>0.424475</td>\n      <td>0.647935</td>\n      <td>0.070674</td>\n      <td>0.277943</td>\n      <td>0.612454</td>\n      <td>0.693484</td>\n      <td>...</td>\n      <td>0.556976</td>\n      <td>0.238552</td>\n      <td>0.479571</td>\n      <td>-0.020259</td>\n      <td>0.625824</td>\n      <td>0.334781</td>\n      <td>0.320783</td>\n      <td>0.817895</td>\n      <td>-0.187221</td>\n      <td>1.000000</td>\n    </tr>\n  </tbody>\n</table>\n<p>21 rows × 21 columns</p>\n</div>"
     },
     "execution_count": 17,
     "metadata": {},
     "output_type": "execute_result"
    }
   ],
   "source": [
    "data.corr()"
   ],
   "metadata": {
    "collapsed": false,
    "pycharm": {
     "name": "#%%\n"
    }
   }
  },
  {
   "cell_type": "code",
   "execution_count": 18,
   "outputs": [
    {
     "data": {
      "text/plain": "<Figure size 3600x3600 with 441 Axes>",
